        41
        22
        72
        82
        53
        63
        54
         5
        65
        36
        56
        27
        68
        19
        49
        59
        69
       120
       140
       170
       162
       182
       173
       125
       135
       145
       116
       136
       146
       156
       176
       196
       118
       158
       188
       129
       129
       270
       261
       222
       223
       224
       254
       274
       265
       236
       286
       238
       219
       279
