         5
       116
       219
       118
        19
       222
        22
       224
       120
       125
       129
        27
       129
       223
       236
        36
       136
       135
       238
       145
        41
        49
       140
       146
       158
       254
        54
        56
        59
       156
        53
       261
       265
        65
        68
       162
        63
        69
       170
       173
       176
       270
       274
       279
        72
       188
        82
       286
       182
       196
